34,2
34,1
34,0
33,3
33,2
33,1
33,0
31,3
31,2
31,1
31,0
29,3
29,2
29,1
29,0
27,3
27,2
27,1
27,0
26,3
26,2
26,1
26,0
22,4
22,3
22,2
22,1
22,0
20,3
20,2
20,1
20,0
19,4
19,3
19,2
19,1
19,0
15,4
15,3
15,2
15,1
15,0
13,3
13,2
13,1
13,0
12,4
12,3
12,2
12,1
12,0
11,3
11,2
11,1
11,0
10,4
10,3
10,2
10,1
10,0
9,3
9,2
9,1
9,0
7,3
7,2
7,1
7,0
5,6
5,5
5,4
5,3
5,2
5,1
5,0
4,2
4,1
4,0
34,3
3,6
3,5
3,4
3,3
3,2
4,3
3,1
3,0
67,3
2,6
2,5
2,4
2,3
2,2
2,1
2,0
1,3
1,2
1,1
1,0
42,5
0,444
0,443
0,442
0,408
42,3
0,322
0,243
0,0
0,441
0,1
0,9
0,310
0,305
0,308
0,304
0,303
0,302
0,307
0,12
0,428
0,10
0,8
0,378
0,300
0,400
0,299
0,399
0,298
0,398
0,297
0,296
0,426
0,295
0,414
0,294
0,397
0,293
0,396
0,292
0,395
0,291
0,394
0,290
0,432
0,289
0,439
0,288
0,438
0,287
0,401
0,286
0,392
0,285
0,369
0,284
0,436
0,283
0,417
0,282
0,391
0,281
0,390
0,280
0,389
0,279
0,388
0,278
0,387
0,277
0,393
0,276
0,425
0,275
34,4
34,5
37,0
37,1
37,3
38,0
38,2
39,0
39,1
39,3
39,4
42,1
44,0
44,1
44,3
46,0
46,2
46,3
48,0
48,2
48,3
50,0
50,1
50,3
51,0
51,1
51,3
51,4
52,1
52,2
53,0
53,2
53,3
54,0
54,1
54,3
54,5
54,6
54,8
54,9
57,0
57,1
57,3
57,5
57,6
57,8
57,9
57,11
57,13
57,14
57,17
57,18
58,1
58,3
58,4
59,1
59,2
60,0
60,1
60,3
61,0
61,1
61,3
61,4
63,1
63,3
64,0
64,2
64,3
65,1
65,2
65,4
66,1
66,2
67,0
67,1
68,0
68,2
68,3
69,0
69,1
69,3
70,0
70,2
71,0
71,1
71,3
72,0
72,2
73,0
73,1
73,3
74,0
74,2
75,0
75,1
75,3
75,4
76,1
76,2
76,4
77,0
77,1
77,3
77,2
76,5
76,3
76,0
75,2
74,3
74,1
73,2
72,3
72,1
71,2
70,3
70,1
69,2
68,4
68,1
67,2
66,3
66,0
65,3
65,0
64,1
63,2
63,0
61,2
60,4
60,2
59,3
59,0
58,2
58,0
57,15
57,12
57,10
57,7
57,4
57,2
54,10
54,7
54,4
54,2
53,4
53,1
52,3
52,0
51,2
50,4
50,2
48,4
48,1
46,4
46,1
44,2
42,2
42,0
39,2
38,3
38,1
37,2
34,6
0,424
0,274
0,386
0,273
0,385
0,272
0,384
0,271
0,416
0,270
0,415
0,269
0,367
0,268
0,383
0,267
0,370
0,266
0,381
0,265
0,382
0,264
0,379
0,263
0,358
0,262
0,377
0,261
0,376
0,260
0,375
0,259
0,374
0,258
0,373
0,257
0,372
0,256
0,413
0,255
0,412
0,254
0,411
0,253
0,371
0,252
0,337
0,251
0,410
0,250
0,431
0,249
0,422
0,248
0,440
0,247
0,368
0,246
0,365
0,245
0,366
0,244
0,352
0,242
0,364
0,241
0,363
0,240
0,362
0,239
0,361
0,238
0,360
0,237
0,359
0,236
0,323
0,235
0,357
0,234
0,356
0,233
0,421
0,232
0,429
0,231
0,409
0,230
0,355
0,229
0,354
0,228
0,353
0,227
0,420
0,226
0,351
0,225
0,407
0,224
0,430
0,223
0,350
0,222
0,349
0,221
0,348
0,220
0,347
0,219
0,346
0,218
0,345
0,217
0,406
0,216
0,344
0,215
0,343
0,214
0,342
0,213
0,341
0,212
0,340
0,211
0,405
0,210
0,419
0,209
0,339
0,208
0,338
0,207
0,206
0,336
0,205
0,335
0,204
0,334
0,203
0,333
0,202
0,332
0,201
0,331
0,200
0,330
0,199
0,329
0,198
0,328
0,197
0,327
0,196
0,326
0,195
0,404
0,194
0,403
0,193
0,325
0,192
0,324
0,63
0,62
0,321
0,61
0,402
0,60
0,435
0,59
0,320
0,58
0,380
0,57
0,318
0,56
0,317
0,55
0,434
0,54
0,418
0,53
0,316
0,52
0,315
0,51
0,314
0,50
0,313
0,49
0,312
0,48
0,423
0,47
0,309
0,46
0,306
0,45
0,301
0,6
0,5
0,11
0,4
0,2
0,3
0,7
